MONTH	NEPAC	NATL	WPAC	NIO	NH	SH	GLOBAL
01/01/1970	0	0	0	0	0	34.3975	34.3975
02/01/1970	0	0	21.21	0	21.21	121.4605	142.6705
03/01/1970	0	0	0	0	0	38.1975	38.1975
04/01/1970	0	0	0	0	0	2.685	2.685
05/01/1970	1.215	2.195	0	5.8175	9.2275	0.6125	9.84
06/01/1970	14.24	0	6.0075	0.1225	20.37	0.3675	20.7375
07/01/1970	16.6675	1.8825	23.7775	0	42.3275	0	42.3275
08/01/1970	18.88	12.7375	78.7875	0	110.405	0	110.405
09/01/1970	7.7375	8.52	57.6875	1.225	75.17	0	75.17
10/01/1970	16.91	8.9075	73.36	4.905	104.0825	2.45	106.5325
11/01/1970	3.63	0	26.6975	4.4275	34.755	10.8825	45.6375
12/01/1970	0	0	0	0	0	34.34	34.34
01/01/1971	0	0	1.63	0	1.63	49.14	50.77
02/01/1971	0	0	0	0	0	91.6125	91.6125
03/01/1971	0	0	0.2025	0	0.2025	61.7476	61.9501
04/01/1971	0	0	18.58	0	18.58	0	18.58
05/01/1971	6.095	0	53.36	1.3475	60.8025	0	60.8025
06/01/1971	4.32	0	14.1475	0.6125	19.08	0	19.08
07/01/1971	51.4225	1.815	82.6325	0	135.87	2.5375	138.4075
08/01/1971	29.3375	10.7525	69.64	0	109.73	0	109.73
09/01/1971	33.685	73.425	84.6875	1.635	193.4325	0	193.4325
10/01/1971	14.275	1.675	18.675	5.5725	40.1975	3.4275	43.625
11/01/1971	0.3675	8.61	28.3875	1.88	39.245	0.65	39.895
12/01/1971	0	0	0	3.6925	3.6925	43.915	47.6075
01/01/1972	0	0	8.2525	0	8.2525	35.0575	43.31
02/01/1972	0	0	0	0	0	95.3225	95.3225
03/01/1972	0	0	0	0	0	34.385	34.385
04/01/1972	0	0	0	3.585	3.585	37.3225	40.9075
05/01/1972	0	0	3.335	0	3.335	7.77	11.105
06/01/1972	7.38	6.77	21.93	0	36.08	3.7525	39.8325
07/01/1972	1.1725	0	140.53	0.3675	142.07	0	142.07
08/01/1972	99.19	10.745	54.835	0	164.77	0	164.77
09/01/1972	15.94	10.0075	46.77	6.02	78.7375	0	78.7375
10/01/1972	11.605	0	67.055	3.2275	81.8875	15.4325	97.32
11/01/1972	1.8225	0	22.9575	12.025	36.805	6.6825	43.4875
12/01/1972	0	0	30.05	4.415	34.465	24.6225	59.0875
01/01/1973	0	0	0	0	0	58.33	58.33
02/01/1973	0	0	0	0	0	38.52	38.52
03/01/1973	0	0	0	0	0	77.905	77.905
04/01/1973	0	0	0	0	0	10.675	10.675
05/01/1973	0	0	0	0	0	10.775	10.775
06/01/1973	31.5875	0	0	0.245	31.8325	0	31.8325
07/01/1973	50.935	6.7375	45.3425	0.3675	103.3825	3.3075	106.69
08/01/1973	5.285	6.545	22.3475	0	34.1775	0	34.1775
09/01/1973	9.4225	19.9225	10.3475	0	39.6925	0.89	40.5825
10/01/1973	17.4425	9.5275	64.085	1.5725	92.6275	2.6275	95.255
11/01/1973	0	0	4.9875	7.9275	12.915	14.1925	27.1075
12/01/1973	0	0	0	3.8375	3.8375	43.8375	47.675
01/01/1974	0	0	1.49	0	1.49	14.4975	15.9875
02/01/1974	0	0	0	0	0	21.98	21.98
03/01/1974	0	0	1.7325	0	1.7325	45.46	47.1925
04/01/1974	0	0	2.1175	0.3675	2.485	3.3525	5.8375
05/01/1974	1.405	0	7.53	2.205	11.14	0	11.14
06/01/1974	18.09	0	13.3975	0	31.4875	0	31.4875
07/01/1974	7.8175	0	26.6375	0	34.455	0	34.455
08/01/1974	47.005	14.4425	32.1	2.2475	95.795	0	95.795
09/01/1974	4.615	45.04	31.855	1.715	83.225	0	83.225
10/01/1974	12.245	1.05	38.5225	0	51.8175	3.04	54.8575
11/01/1974	0	0	39.595	5.1975	44.7925	7.645	52.4375
12/01/1974	0	0	3.435	0	3.435	16.63	20.065
01/01/1975	0	0	5.1875	0	5.1875	44.985	50.1725
02/01/1975	0	0	0	0	0	47.355	47.355
03/01/1975	0	0	0	0	0	53.0125	53.0125
04/01/1975	0	0	0	0	0	24.3675	24.3675
05/01/1975	0	0	0	20.56	20.56	2.265	22.825
06/01/1975	4.505	2.0075	0	0.6125	7.125	0	7.125
07/01/1975	39.345	7.92	0.5275	0	47.7925	0	47.7925
08/01/1975	29.9725	8.89	36.975	0	75.8375	1.945	77.7825
09/01/1975	27.2025	42.9275	36.7125	0	106.8425	0	106.8425
10/01/1975	9.04	11.205	37.2975	2.6625	60.205	0	60.205
11/01/1975	2.66	0	44.665	4.9275	52.2525	11.9175	64.17
12/01/1975	0	0	0	0	0	41.9175	41.9175
01/01/1976	0	0	5.23	0	5.23	69.23	74.46
02/01/1976	0	0	2.0275	0	2.0275	28.7675	30.795
03/01/1976	0	0	0	0	0	18.695	18.695
04/01/1976	0	0	31.95	0.9375	32.8875	8.485	41.3725
05/01/1976	0	0	55.4925	1.22	56.7125	1.2475	57.96
06/01/1976	26.135	0	28.9525	0.885	55.9725	0	55.9725
07/01/1976	10.92	0.8	54.825	0	66.545	0	66.545
08/01/1976	35.9925	46.3675	23.795	0.49	106.645	0	106.645
09/01/1976	31.5875	24.4125	52.0775	1.3375	109.415	0	109.415
10/01/1976	17.6725	9.645	1.0375	2.95	31.305	4.3975	35.7025
11/01/1976	0	0	36.09	3.27	39.36	8.275	47.635
12/01/1976	0	0	2.1425	1.7925	3.935	12.1275	16.0625
01/01/1977	0	0	0	0.2825	0.2825	43.1475	43.43
02/01/1977	0	0	0	0	0	52.3625	52.3625
03/01/1977	0	0	1.47	0	1.47	18.4575	19.9275
04/01/1977	0	0	0	0	0	8.4725	8.4725
05/01/1977	2.4025	0	0	1.4975	3.9	1.7075	5.6075
06/01/1977	0.8575	0	2.6725	2.555	6.085	0	6.085
07/01/1977	4.9775	0	25.92	0	30.8975	0	30.8975
08/01/1977	4.21	3.0875	3.365	0	10.6625	0	10.6625
09/01/1977	5.7425	18.265	44.2725	0	68.28	0	68.28
10/01/1977	4.0925	3.1975	24.36	1.545	33.195	0	33.195
11/01/1977	0	0	30.1375	31.8425	61.98	22.4775	84.4575
12/01/1977	0	0	31.29	0	31.29	18.5675	49.8575
01/01/1978	0	0	3.1675	0	3.1675	49.4775	52.645
02/01/1978	0	0	0	0	0	45.4725	45.4725
03/01/1978	0	0	0	0	0	36.95	36.95
04/01/1978	0	0	13.4225	0	13.4225	30.22	43.6425
05/01/1978	1.36	0	0	1.7025	3.0625	0	3.0625
06/01/1978	27.1575	0	2.685	0	29.8425	0	29.8425
07/01/1978	100.59	0.485	41.22	0	142.295	0	142.295
08/01/1978	41.3525	7.545	28.595	0	77.4925	0	77.4925
09/01/1978	17.9825	46.405	36.3325	0	100.72	0	100.72
10/01/1978	18.675	6.885	86.0325	1.1775	112.77	0	112.77
11/01/1978	0	0.2025	25.475	15.625	41.3025	1.6675	42.97
12/01/1978	0	0	0	0	0	36.08	36.08
01/01/1979	0	0	27.82	0	27.82	25.535	53.355
02/01/1979	0	0	0	0	0	80.7975	80.7975
03/01/1979	0	0	7.165	0	7.165	31.1225	38.2875
04/01/1979	0	0	10.2575	0	10.2575	36.72	46.9775
05/01/1979	0	0	0.565	10.3225	10.8875	6.835	17.7225
06/01/1979	5.805	0.815	0	1.645	8.265	0	8.265
07/01/1979	11.4125	3.7225	21.555	0	36.69	0	36.69
08/01/1979	21.485	33.4075	50.4075	0.9125	106.2125	2.02	108.2325
09/01/1979	3.3575	53.3275	36.7625	1.975	95.4225	0	95.4225
10/01/1979	13.5725	0	80.13	0.245	93.9475	0	93.9475
11/01/1979	1.7925	0	22.77	0.885	25.4475	8.34	33.7875
12/01/1979	0	0	20.6775	0	20.6775	56.6325	77.31
01/01/1980	0	0	0	0	0	73.18	73.18
02/01/1980	0	0	0	0	0	80.04	80.04
03/01/1980	0	0	0	0	0	63.1625	63.1625
04/01/1980	0	0	2.4325	0	2.4325	3.1575	5.59
05/01/1980	0	0	43.46	0	43.46	0	43.46
06/01/1980	16.095	0	3.6325	0	19.7275	0	19.7275
07/01/1980	3.7625	0	28.81	0	32.5725	0	32.5725
08/01/1980	29.6925	64.7	34.8925	0	129.285	0	129.285
09/01/1980	27.0825	51.3774	35.83	0	114.2899	0	114.2899
10/01/1980	1.0175	18.6375	52.5625	0.98	73.1975	0	73.1975
11/01/1980	0	11.7125	31.91	0.735	44.3575	32.7475	77.105
12/01/1980	0	0	3.2175	1.3475	4.565	55.8975	60.4625
01/01/1981	0	0	0	0	0	35.805	35.805
02/01/1981	0	0	0	0	0	20.3775	20.3775
03/01/1981	0	0	10.99	0	10.99	48.505	59.495
04/01/1981	0	0	3.2825	0	3.2825	19.21	22.4925
05/01/1981	0.1225	0.735	2.8775	0	3.735	2.2475	5.9825
06/01/1981	2.5725	1.08	11.8825	0	15.535	0	15.535
07/01/1981	17.295	0.25	13.9925	0	31.5375	0	31.5375
08/01/1981	21.7625	7.8975	34.7225	0	64.3825	0	64.3825
09/01/1981	9.8975	75.7953	61.6325	0	147.3253	0	147.3253
10/01/1981	21.12	2.8725	22.69	5.445	52.1275	15.65	67.7775
11/01/1981	0	4.6275	33.695	5.9375	44.26	14.145	58.405
12/01/1981	0	0	30.905	4.9775	35.8825	25.645	61.5275
01/01/1982	0	0	0	0	0	57.595	57.595
02/01/1982	0	0	0	0	0	18.31	18.31
03/01/1982	0	0	27.9	0	27.9	26.1275	54.0275
04/01/1982	0	0	4.3725	0	4.3725	33.185	37.5575
05/01/1982	4.26	0	11.42	10.95	26.63	3.03	29.66
06/01/1982	1.29	2.06	8.21	1.7775	13.3375	0	13.3375
07/01/1982	43.9425	0	60.4525	0	104.395	0	104.395
08/01/1982	29.26	3.245	84.2475	0	116.7525	0	116.7525
09/01/1982	48.24	21.51	69.1825	0	138.9325	0	138.9325
10/01/1982	26.4425	1.6475	64.09	2.8975	95.0775	0.6125	95.69
11/01/1982	7.7575	0	13.1175	5.0525	25.9275	8.645	34.5725
12/01/1982	0	0	11.345	0	11.345	13.99	25.335
01/01/1983	0	0	0	0	0	25.645	25.645
02/01/1983	0	0	0	0	0	59.0132	59.0132
03/01/1983	0	0	0	0	0	52.6366	52.6366
04/01/1983	0	0	0	0	0	41.4241	41.4241
05/01/1983	11.195	0	0	0	11.195	0	11.195
06/01/1983	16.8925	0	0.245	0	17.1375	0	17.1375
07/01/1983	31.4925	0	24.4175	0	55.91	0.8575	56.7675
08/01/1983	20.775	9.525	59.8475	0.645	90.7925	0	90.7925
09/01/1983	62.365	7.3125	56.8625	0	126.54	0	126.54
10/01/1983	60.1675	0	15.2	1.2775	76.645	6.7225	83.3675
11/01/1983	0.3675	0	59.5475	2.25	62.165	5.6575	67.8225
12/01/1983	3.485	0	3.0875	0	6.5725	46.0025	52.575
01/01/1984	0	0	0	0	0	23.8475	23.8475
02/01/1984	0	0	0	0	0	60.57	60.57
03/01/1984	0	0	0	0	0	25.41	25.41
04/01/1984	0	0	0	0	0	21.4675	21.4675
05/01/1984	5.4125	0	0	1.375	6.7875	0	6.7875
06/01/1984	35.07	0	6.71	0	41.78	0	41.78
07/01/1984	45.9025	0	49.1175	0	95.02	0	95.02
08/01/1984	35.51	1.79	29.6725	0	66.9725	0	66.9725
09/01/1984	59.1025	30.115	27.26	0	116.4775	0	116.4775
10/01/1984	8.9325	21.3	70.885	1.7	102.8175	0	102.8175
11/01/1984	3.4	11.5325	73.635	12.07	100.6375	2.345	102.9825
12/01/1984	0	6.2	15.84	5.65	27.69	18.5625	46.2525
01/01/1985	0	0	3.185	0	3.185	55.9	59.085
02/01/1985	0	0	0	0	0	36.075	36.075
03/01/1985	0	0	0	0	0	68.9975	68.9975
04/01/1985	0	0	0	0	0	24.285	24.285
05/01/1985	0	0	10.3175	4.245	14.5625	0	14.5625
06/01/1985	32.735	0	24.85	0	57.585	0	57.585
07/01/1985	40.545	4.93	10.62	0	56.095	0	56.095
08/01/1985	20.6	18.43	69.16	0	108.19	0	108.19
09/01/1985	73.83	33.68	23.09	0	130.6	3.465	134.065
10/01/1985	24.9775	11.59	69.9375	2.285	108.79	0	108.79
11/01/1985	0.325	19.3525	1.625	2.1075	23.41	2.3275	25.7375
12/01/1985	0	0	16.43	2.1625	18.5925	7.32	25.9125
01/01/1986	0	0	0	1.5025	1.5025	41.455	42.9575
02/01/1986	0	0	6.0325	0	6.0325	57.5925	63.625
03/01/1986	0	0	0	0	0	50.525	50.525
04/01/1986	0	0	6.725	0	6.725	16.045	22.77
05/01/1986	3.4875	0	26.8325	0	30.32	20.395	50.715
06/01/1986	5.39	5.12	6.8625	0	17.3725	0	17.3725
07/01/1986	26.635	0	39.445	0	66.08	0.1225	66.2025
08/01/1986	30.94	5.6325	64.495	0	101.0675	0.7675	101.835
09/01/1986	17.37	21.24	51.745	0	90.355	0	90.355
10/01/1986	24.1325	0	42.505	0	66.6375	0	66.6375
11/01/1986	0	3.8	23.26	1.38	28.44	2.9975	31.4375
12/01/1986	0	0	65.3675	0	65.3675	21.2475	86.615
01/01/1987	0	0	8.1075	0	8.1075	28.825	36.9325
02/01/1987	0	0	0	1.7725	1.7725	27.4625	29.235
03/01/1987	0	0	0	0	0	23.09	23.09
04/01/1987	0	0	0.565	0	0.565	17.5275	18.0925
05/01/1987	0	0	0	0	0	1.9875	1.9875
06/01/1987	0.5275	0	5.915	6.0475	12.49	0	12.49
07/01/1987	16.6725	0	65.865	0	82.5375	0	82.5375
08/01/1987	39.25	14.865	77.35	0	131.465	0	131.465
09/01/1987	56.99	16.1575	102.065	0	175.2125	0	175.2125
10/01/1987	19.3725	3.3375	55.965	1.05	79.725	0	79.725
11/01/1987	0	0	31.8	3.445	35.245	6.945	42.19
12/01/1987	0	0	8.025	2.3125	10.3375	7.19	17.5275
01/01/1988	0	0	28.1075	0	28.1075	36.4225	64.53
02/01/1988	0	0	0	0	0	27.91	27.91
03/01/1988	0	0	0	0	0	38.165	38.165
04/01/1988	0	0	0	0	0	8.9925	8.9925
05/01/1988	0	0	2.0825	0	2.0825	1.1775	3.26
06/01/1988	3.8825	0	11.2275	1.47	16.58	0	16.58
07/01/1988	15.47	0	18.735	0	34.205	0	34.205
08/01/1988	53.3236	2.025	21.0025	0	76.3511	0	76.3511
09/01/1988	38.8225	72.1241	53.15	0	164.0966	0	164.0966
10/01/1988	2.7625	23.495	63.905	0.245	90.4075	0.6075	91.015
11/01/1988	0	4.87	28.0275	14.8225	47.72	33.055	80.775
12/01/1988	0	0	1.7025	0.89	2.5925	13.365	15.9575
01/01/1989	0	0	3.7325	0	3.7325	41.6675	45.4
02/01/1989	0	0	0	0	0	113.945	113.945
03/01/1989	0	0	0	0	0	20.5025	20.5025
04/01/1989	0	0	22.2725	0	22.2725	57.6125	79.885
05/01/1989	0	0	9.305	2.4275	11.7325	3.0475	14.78
06/01/1989	10.755	0.9325	11.71	0.3675	23.765	0	23.765
07/01/1989	17.0125	2.45	43.7175	0	63.18	0.245	63.425
08/01/1989	39.42	34.9975	30.385	0	104.8025	0	104.8025
09/01/1989	28.23	90.08	21.64	0	139.95	0	139.95
10/01/1989	15.225	4.0175	101.112	0	120.3545	0.49	120.8445
11/01/1989	0	0.825	30.71	0	31.535	3.1175	34.6525
12/01/1989	0	1.8225	28.88	0	30.7025	44.7175	75.42
01/01/1990	0	0	5.245	0	5.245	23.91	29.155
02/01/1990	0	0	0	0	0	50.9625	50.9625
03/01/1990	0	0	0	0	0	76.1025	76.1025
04/01/1990	0	0	1.1025	0	1.1025	2.5425	3.645
05/01/1990	4.6075	0	6.7	16.2325	27.54	6.28	33.82
06/01/1990	17.5475	0	33.69	0	51.2375	0	51.2375
07/01/1990	70.72	8.05	26.4075	0	105.1775	0	105.1775
08/01/1990	33.09	32.2225	64.915	0	130.2275	0	130.2275
09/01/1990	61.4475	25.715	59.62	0	146.7825	0	146.7825
10/01/1990	62.2175	25.18	28.7975	0	116.195	0	116.195
11/01/1990	0	0	111.615	0	111.615	17.37	128.985
12/01/1990	0	0	35.5525	2.0625	37.615	14.9175	52.5325
01/01/1991	0	0	0	0.8575	0.8575	25.4275	26.285
02/01/1991	0	0	0	0	0	26.485	26.485
03/01/1991	0	0	10.3425	0	10.3425	41.4325	51.775
04/01/1991	0	0	1.3325	17.565	18.8975	17.8125	36.71
05/01/1991	2.53	0	39.36	0	41.89	5.8825	47.7725
06/01/1991	31.1025	0	6.8725	1.06	39.035	1.46	40.495
07/01/1991	5.9375	1.2525	35.94	0	43.13	0	43.13
08/01/1991	26.2675	7.965	29.4875	0	63.72	0	63.72
09/01/1991	53.1675	18.045	99.0775	0	170.29	0.89	171.18
10/01/1991	52.1375	4.5875	84.2475	0	140.9725	0.8575	141.83
11/01/1991	7.1775	2.1175	99.2025	0.81	109.3075	13.7025	123.01
12/01/1991	0	0	6.83	0	6.83	75.855	82.685
01/01/1992	5.345	0	7.975	0	13.32	20.6225	33.9425
02/01/1992	8.07	0	0.2825	0	8.3525	55.1725	63.525
03/01/1992	0.645	0	0	0	0.645	103.998	104.643
04/01/1992	0	0	0	0	0	51.9625	51.9625
05/01/1992	0	0	0	3.01	3.01	1.38	4.39
06/01/1992	27.355	0	27.1025	3.02	57.4775	0	57.4775
07/01/1992	86.3725	0	11.2775	0.405	98.055	0	98.055
08/01/1992	16.99	28.4475	96.9375	0	142.375	0	142.375
09/01/1992	108.513	37.9675	74.55	0	221.0305	4.525	225.5555
10/01/1992	37.4975	8.715	127.017	3.37	176.5995	1.86	178.4595
11/01/1992	0	0	122.785	8.4625	131.2475	0	131.2475
12/01/1992	0	0	0	4.385	4.385	48.945	53.33
01/01/1993	0	0	0	0	0	60.4275	60.4275
02/01/1993	0	0	0	0	0	48.1625	48.1625
03/01/1993	0	0	4.815	0	4.815	34.32	39.135
04/01/1993	0	0	0	0	0	21.5175	21.5175
05/01/1993	0	0	0	0	0	9.4975	9.4975
06/01/1993	7.2725	0.49	26.9675	0	34.73	0	34.73
07/01/1993	40.5475	0	16.095	0	56.6425	0	56.6425
08/01/1993	99.5975	19.855	72.8525	0	192.305	0	192.305
09/01/1993	52.355	18.16	47.895	0	118.41	0	118.41
10/01/1993	1.9025	0	48.5225	0	50.425	0	50.425
11/01/1993	0	0	15.09	4.875	19.965	6.5225	26.4875
12/01/1993	0	0	32.825	3.88	36.705	15.705	52.41
01/01/1994	0	0	0	0	0	110	110
02/01/1994	0	0	0	0	0	60.7425	60.7425
03/01/1994	0	0	0	0.81	0.81	94.0575	94.8675
04/01/1994	0	0	8.69	1.5825	10.2725	32.1875	42.46
05/01/1994	0	0	10.49	8.275	18.765	0	18.765
06/01/1994	5.9375	0	5.15	1.29	12.3775	0	12.3775
07/01/1994	70.2175	1.565	49.3375	0	121.12	0	121.12
08/01/1994	62.52	8.32	106.605	0	177.445	0	177.445
09/01/1994	40.195	2.8775	105.8925	0	148.965	0	148.965
10/01/1994	6.3325	0	112.505	0.485	119.3225	0	119.3225
11/01/1994	0	18.7675	32.815	2.9325	54.515	24.895	79.41
12/01/1994	0	0	22.03	0	22.03	11.545	33.575
01/01/1995	0	0	0	0	0	28.025	28.025
02/01/1995	0	0	0	0	0	33.9475	33.9475
03/01/1995	0	0	0	0	0	24.825	24.825
04/01/1995	0	0	0.49	0	0.49	45.42	45.91
05/01/1995	0	0	0	0	0	0	0
06/01/1995	10.68	3.0825	4.38	0	18.1425	0	18.1425
07/01/1995	38.01	11.1025	22.5525	0	71.665	0	71.665
08/01/1995	13.5	80.7825	36.1425	0	130.425	0	130.425
09/01/1995	38.0125	85.435	75.7875	0.6075	199.8425	0	199.8425
10/01/1995	0	45.125	67.2375	2.9625	115.325	0	115.325
11/01/1995	0	1.575	38.69	10.72	50.985	31.725	82.71
12/01/1995	0	0	4.45	0	4.45	19.7075	24.1575
01/01/1996	0	0	0	0	0	45.825	45.825
02/01/1996	0	0	0	0	0	39	39
03/01/1996	0	0	0	0	0	38.47	38.47
04/01/1996	0	0	1.62	0	1.62	57.6275	59.2475
05/01/1996	0.645	0	29.51	0.565	30.72	3.075	33.795
06/01/1996	12.305	0.81	0	6.4875	19.6025	0	19.6025
07/01/1996	8.83	20.975	81.955	0	111.76	0.245	112.005
08/01/1996	12.605	55.4625	69.2025	0	137.27	2.18	139.45
09/01/1996	14.2325	57.46	137.46	0	209.1525	1.055	210.2075
10/01/1996	4.8475	25.015	27.615	8.325	65.8025	6.995	72.7975
11/01/1996	0	6.0875	39.9825	10.73	56.8	41.6725	98.4725
12/01/1996	0	0	11.5425	7.7625	19.305	53.5625	72.8675
01/01/1997	0	0	0	0	0	107.123	107.123
02/01/1997	0	0	0	0	0	50.605	50.605
03/01/1997	0	0	0	0	0	64.2575	64.2575
04/01/1997	0	0	46.5625	0	46.5625	3.3775	49.94
05/01/1997	0	0	10.685	13.415	24.1	15.195	39.295
06/01/1997	4.4925	0	47.75	0	52.2425	11.365	63.6075
07/01/1997	33.5525	11.235	30.345	0	75.1325	2.585	77.7175
08/01/1997	53.425	0	100.365	0	153.79	0	153.79
09/01/1997	57.3925	26.64	104.558	3.0475	191.638	0	191.638
10/01/1997	11.345	2.2425	104.097	0	117.6845	4.8175	122.502
11/01/1997	3.4625	0	50.55	3.78	57.7925	19.0575	76.85
12/01/1997	4.32	0	65.285	0	69.605	12.2875	81.8925
01/01/1998	0	0	0	0	0	122.07	122.07
02/01/1998	0	0	0	0	0	36.8175	36.8175
03/01/1998	0	0	0	0	0	34.7125	34.7125
04/01/1998	0	0	0	0	0	26.0525	26.0525
05/01/1998	0	0	0	2.525	2.525	0.245	2.77
06/01/1998	21.8525	0	0	11.7975	33.65	0	33.65
07/01/1998	22.795	1.9025	0.9	0	25.5975	0.245	25.8425
08/01/1998	53.3575	42.795	30.83	0	126.9825	0	126.9825
09/01/1998	4.6025	88.5725	43.315	0.3675	136.8575	0.3675	137.225
10/01/1998	31.3775	39.38	59.795	0.735	131.2875	2.2	133.4875
11/01/1998	0	7.5825	3.735	7.77	19.0875	6.875	25.9625
12/01/1998	0	1.4125	11.235	4.715	17.3625	46.11	63.4725
01/01/1999	0	0	0	0	0	43.6925	43.6925
02/01/1999	0	0	0	1.1775	1.1775	18.165	19.3425
03/01/1999	0	0	0	0	0	72.35	72.35
04/01/1999	0	0	12.73	0	12.73	25.325	38.055
05/01/1999	0	0	2.945	17.0825	20.0275	0	20.0275
06/01/1999	5.93	3.42	13.93	0.245	23.525	0	23.525
07/01/1999	17.755	0	3.305	0	21.06	0	21.06
08/01/1999	58.2225	54.35	22.24	0	134.8125	0	134.8125
09/01/1999	6.66	78.08	32.035	0	116.775	0	116.775
10/01/1999	1.6725	20.805	17.89	25.81	66.1775	0	66.1775
11/01/1999	0	19.8725	2.4775	0	22.35	0	22.35
12/01/1999	0	0	0	0	0	27.9475	27.9475
01/01/2000	0	0	0	0	0	38.7725	38.7725
02/01/2000	0	0	0	0	0	39.055	39.055
03/01/2000	0	0	0	0	0	51.6875	51.6875
04/01/2000	0	0	0	0	0	67.505	67.505
05/01/2000	8.44	0	18.645	0	27.085	0	27.085
06/01/2000	20.0275	0	0	0	20.0275	0	20.0275
07/01/2000	25.5425	0	30.42	0	55.9625	0	55.9625
08/01/2000	20.195	43.7075	73.4525	0	137.355	0.8575	138.2125
09/01/2000	12.355	52.1725	82.1975	0	146.725	0	146.725
10/01/2000	6.42	19.6875	21.5775	0.98	48.665	0	48.665
11/01/2000	2.855	0	12.0825	4.3675	19.305	0.245	19.55
12/01/2000	0	0	2.45	4.06	6.51	10.59	17.1
01/01/2001	0	0	8.525	0	8.525	57.7925	66.3175
02/01/2001	0	0	0	0	0	10.8925	10.8925
03/01/2001	0	0	0	0	0	20.35	20.35
04/01/2001	0	0	0	0	0	26.7025	26.7025
05/01/2001	17.9	0	3.815	14.28	35.995	0	35.995
06/01/2001	2.05	0.6125	8.505	0	11.1675	1.8575	13.025
07/01/2001	9.2125	0	41.785	0	50.9975	0	50.9975
08/01/2001	9.38	10.2625	61.05	0	80.6925	0	80.6925
09/01/2001	40.075	51.8775	78.5325	0.49	170.975	0	170.975
10/01/2001	8.42	15.2675	61.8	0.1225	85.61	4.685	90.295
11/01/2001	3.4575	26.7375	13.79	0	43.985	5.145	49.13
12/01/2001	0	1.055	34.785	0	35.84	12.9825	48.8225
01/01/2002	0	0	1.5825	0	1.5825	41.0275	42.61
02/01/2002	0	0	0.975	0	0.975	62.5325	63.5075
03/01/2002	0	0	30.1825	0	30.1825	41.9075	72.09
04/01/2002	0	0	0	0	0	13.2575	13.2575
05/01/2002	10.21	0	16.755	3.4425	30.4075	11.0125	41.42
06/01/2002	1.5175	0	8.3725	0	9.89	0	9.89
07/01/2002	29.9325	1.5275	143.593	0	175.053	0	175.053
08/01/2002	32.025	3.41	71.9425	0	107.3775	0	107.3775
09/01/2002	21.665	45.015	64.9075	0	131.5875	0.49	132.0775
10/01/2002	23.6575	15.7375	11.4475	0	50.8425	0	50.8425
11/01/2002	5.345	0	14.09	1.97	21.405	12.6075	34.0125
12/01/2002	0	0	24.86	0.98	25.84	38.9525	64.7925
01/01/2003	0	0	2.36	0	2.36	34.1425	36.5025
02/01/2003	0	0	0	0	0	64.965	64.965
03/01/2003	0	0	0	0	0	70.3	70.3
04/01/2003	0	2.63	46.1675	0	48.7975	25.8975	74.695
05/01/2003	4.1225	0	21.9825	6.8425	32.9475	7.38	40.3275
06/01/2003	3.025	1.1875	13.91	0	18.1225	7.4	25.5225
07/01/2003	3.6025	14.565	31.3375	0	49.505	0	49.505
08/01/2003	17.9225	11.525	40.08	0	69.5275	0	69.5275
09/01/2003	10.59	111.06	56.6775	0	178.3275	0.3675	178.695
10/01/2003	17.35	30.4975	59.955	0	107.8025	1.295	109.0975
11/01/2003	0	0	59.4275	3.8125	63.24	11.965	75.205
12/01/2003	0	3.85	2.185	2.2025	8.2375	24.2925	32.53
01/01/2004	0	0	0	0	0	45.655	45.655
02/01/2004	0	0	0	0	0	52.9625	52.9625
03/01/2004	0	0	0	0	0	79.51	79.51
04/01/2004	0	0	44.735	0	44.735	0.49	45.225
05/01/2004	1.06	0	35.36	5.0575	41.4775	2.905	44.3825
06/01/2004	0	0	82.48	0	82.48	0	82.48
07/01/2004	15.7225	0	22.8625	0	38.585	0	38.585
08/01/2004	9.925	64.6925	104.157	0	178.7745	0	178.7745
09/01/2004	43.6225	155.01	65.7775	0	264.41	1.98	266.39
10/01/2004	0.81	4.0375	76.21	0.49	81.5475	0.8575	82.405
11/01/2004	0	0.16	25.35	5.575	31.085	29.79	60.875
12/01/2004	0	0.8475	21.4125	2.2825	24.5425	11.8275	36.37
01/01/2005	0	0	4.1525	1.1025	5.255	27.0625	32.3175
02/01/2005	0	0	0	0	0	76.0375	76.0375
03/01/2005	0	0	5.1775	0	5.1775	78.8225	84
04/01/2005	0	0	14.4725	0	14.4725	30.705	45.1775
05/01/2005	2.8175	0	0.65	0	3.4675	0	3.4675
06/01/2005	2.0625	2.9225	34.52	0	39.505	0	39.505
07/01/2005	2.4375	60.385	36.9275	0	99.75	0	99.75
08/01/2005	22.32	39.225	67.8425	0	129.3875	0	129.3875
09/01/2005	62.435	68.205	92.2475	0	222.8875	0	222.8875
10/01/2005	4.515	50.865	42.4625	1.215	99.0575	0.6875	99.745
11/01/2005	0	8.3575	10.6025	2.0625	21.0225	18.6125	39.635
12/01/2005	0	13.22	0	8.995	22.215	0.49	22.705
01/01/2006	0	4.795	0	1.1725	5.9675	15.965	21.9325
02/01/2006	0	0	0	0	0	35.3225	35.3225
03/01/2006	0	0	0	0	0	51.6875	51.6875
04/01/2006	0	0	0	10.6625	10.6625	36.12	46.7825
05/01/2006	1.13	0	27.515	0	28.645	0	28.645
06/01/2006	0	2.7575	1.305	0	4.0625	0	4.0625
07/01/2006	49.16	2.94	42.28	0.1225	94.5025	0	94.5025
08/01/2006	73.6175	9.5875	69.665	0	152.87	0	152.87
09/01/2006	17.065	59.6375	92.75	2.31	171.7625	0	171.7625
10/01/2006	7.555	3.6125	31.68	1.1225	43.97	9.625	53.595
11/01/2006	8.37	0	32.34	0	40.71	4.1575	44.8675
12/01/2006	0	0	23.825	0	23.825	30.3125	54.1375
01/01/2007	0	0	0	0	0	14.7225	14.7225
02/01/2007	0	0	0	0	0	68.43	68.43
03/01/2007	0	0	0.1225	0	0.1225	42.76	42.8825
04/01/2007	0	0	7.5275	0	7.5275	12.83	20.3575
05/01/2007	1.46	0	17.42	1.66	20.54	0	20.54
06/01/2007	1.135	0.7725	0	21.535	23.4425	0	23.4425
07/01/2007	5.1675	0.5275	27.7975	0	33.4925	0.5275	34.02
08/01/2007	25.87	36.175	48.6575	0	110.7025	0	110.7025
09/01/2007	13.7225	28.1875	44.9275	0	86.8375	0	86.8375
10/01/2007	5.2075	2.61	42.76	1.205	51.7825	0	51.7825
11/01/2007	0	3.0125	30.33	21.7275	55.07	14.95	70.02
12/01/2007	0	1.0275	0	0	1.0275	19.5875	20.615
01/01/2008	0	0	0	0	0	35.925	35.925
02/01/2008	0	0	0	0	0	76.6675	76.6675
03/01/2008	0	0	0	0	0	49.4225	49.4225
04/01/2008	0	0	10.6675	5.9025	16.57	3.0425	19.6125
05/01/2008	0.83	0.5275	38.675	8.39	48.4225	0	48.4225
06/01/2008	4.9975	0.245	16.7925	0	22.035	0	22.035
07/01/2008	31.905	37.5575	12.615	0	82.0775	0	82.0775
08/01/2008	16.6425	25.785	15.535	0	57.9625	0	57.9625
09/01/2008	2.42	59.955	67.6375	0.8475	130.86	0	130.86
10/01/2008	25.965	11.92	1.295	0.6925	39.8725	2.1675	42.04
11/01/2008	1.13	9.2025	3.5075	3.2275	17.0675	2.3875	19.455
12/01/2008	0	0	9.66	0.735	10.395	16.9375	27.3325
01/01/2009	0	0	0	0	0	13.325	13.325
02/01/2009	0	0	0	0	0	24.7675	24.7675
03/01/2009	0	0	0	0	0	46.93	46.93
04/01/2009	0	0	0	2.4125	2.4125	7.8425	10.255
05/01/2009	0	0	19.765	1.885	21.65	0	21.65
06/01/2009	3.305	0	7.2125	0	10.5175	0	10.5175
07/01/2009	12.355	0	3.0475	0	15.4025	0	15.4025
08/01/2009	54.5925	30.0575	33.59	0	118.24	0	118.24
09/01/2009	18.9025	11.22	48.565	0.405	79.0925	0	79.0925
10/01/2009	24.2575	3.5075	85.45	0	113.215	0	113.215
11/01/2009	0	8.115	43.315	1.395	52.825	13.845	66.67
12/01/2009	0	0	3.41	1.6625	5.0725	37.0425	42.115
01/01/2010	0	0	0	0	0	31.615	31.615
02/01/2010	0	0	0	0	0	49.035	49.035
03/01/2010	0	0	1.88	0	1.88	59.6575	61.5375
04/01/2010	0	0	0	0	0	7.1125	7.1125
05/01/2010	0.5275	0	0	6.91	7.4375	0	7.4375
06/01/2010	37.95	5.8125	0	14.625	58.3875	0	58.3875
07/01/2010	0	2.2975	12.8	0	15.0975	0	15.0975
08/01/2010	10.8725	37.9875	15.2125	0	64.0725	0	64.0725
09/01/2010	0.6125	88.495	30.78	0	119.8875	0	119.8875
10/01/2010	0	24.5675	59.2025	7.13	90.9	1.4175	92.3175
11/01/2010	0	7.2925	0	3.0525	10.345	3.86	14.205
12/01/2010	1.0175	0	0	0	1.0175	4.2725	5.29
01/01/2011	0	0	0	0	0	42.6075	42.6075
02/01/2011	0	0	0	0	0	58.01	58.01
03/01/2011	0	0	0	0	0	9.6225	9.6225
04/01/2011	0	0	0	0	0	3.2425	3.2425
05/01/2011	0	0	30.25	0	30.25	0	30.25
06/01/2011	15.205	1.8775	3.54	1.1025	21.725	0	21.725
07/01/2011	18.3175	7.21	41.96	0	67.4875	0	67.4875
08/01/2011	22.255	27.58	57.3925	0	107.2275	0	107.2275
09/01/2011	31.1875	55.0075	47.1825	0	133.3775	0	133.3775
10/01/2011	22.8025	31.69	5.9925	0.245	60.73	0	60.73
11/01/2011	11.1125	3.7475	0	3.43	18.29	0	18.29
12/01/2011	0	0	2.84	8.03	10.87	12.2775	23.1475
01/01/2012	0	0	0	0	0	52.1825	52.1825
02/01/2012	0	0	0	0	0	56.8275	56.8275
03/01/2012	0	0	4.05	0	4.05	22.4675	26.5175
04/01/2012	0	0	0.565	0	0.565	1.2675	1.8325
05/01/2012	9.4	4.36	8.915	0	22.675	0	22.675
06/01/2012	3.5925	6.8425	39.8525	0	50.2875	1.58	51.8675
07/01/2012	40.89	0	14.525	0	55.415	0	55.415
08/01/2012	13	36.04	80.4775	0	129.5175	0	129.5175
09/01/2012	19.85	56.8875	75.7725	0	152.51	0	152.51
10/01/2012	10.065	28.5025	43.3825	3.3275	85.2775	12.0275	97.305
11/01/2012	1.695	0	4.765	0.735	7.195	1.785	8.98
12/01/2012	0	0	32.82	1.0075	33.8275	53.72	87.5475
01/01/2013	0	0	2.59	0	2.59	51.43	54.02
02/01/2013	0	0	0	0	0	35.895	35.895
03/01/2013	0	0	0	0	0	16.915	16.915
04/01/2013	0	0	0	0	0	17.1275	17.1275
05/01/2013	2.44	0	0	5.3775	7.8175	2.9275	10.745
06/01/2013	4.67	1.885	5.87	0	12.425	0	12.425
07/01/2013	15.1575	4.665	22.2975	0	42.12	0	42.12
08/01/2013	24.33	1.8	28.9425	0	55.0725	0	55.0725
09/01/2013	6.545	14.95	45.585	0	67.08	0	67.08
10/01/2013	21.525	5.25	117.903	17.5125	162.1905	0.6125	162.803
11/01/2013	0.6875	1.16	45.145	11.3225	58.315	1.94	60.255
12/01/2013	0	0	0	5.8	5.8	63.1325	68.9325
01/01/2014	0	0	0.6125	0.97	1.5825	50.7025	52.285
02/01/2014	0	0	0.245	0	0.245	15.78	16.025
03/01/2014	0	0	5.9575	0	5.9575	36.06	42.0175
04/01/2014	0	0	4.605	0	4.605	29.415	34.02
05/01/2014	18.7475	0	0.1225	0	18.87	0	18.87
06/01/2014	13.91	0	0.9275	3.4375	18.275	0	18.275
07/01/2014	7.26	6.785	61.0075	0	75.0525	0	75.0525
08/01/2014	85.29	12.765	54.465	0	152.52	0	152.52
09/01/2014	38.0825	16.2775	20.61	0	74.97	0	74.97
10/01/2014	25.96	29.2725	63.5475	25.1825	143.9625	0	143.9625
11/01/2014	8.3475	0	28.3875	0.8575	37.5925	4.365	41.9575
12/01/2014	0	0	33.5	0	33.5	18.1775	51.6775
01/01/2015	0	0	3.2725	0	3.2725	61.78	65.0525
02/01/2015	0	0	8.64	0	8.64	27.9625	36.6025
03/01/2015	0	0	20.535	0	20.535	57.8125	78.3475
04/01/2015	0	0	17.125	0	17.125	31.965	49.09
05/01/2015	8.4575	2.12	58.8925	0	69.47	1.2625	70.7325
06/01/2015	40.66	1.0275	2.0725	4.215	47.975	0.2825	48.2575
07/01/2015	23.7725	1.13	94.295	1.2525	120.45	1.5025	121.9525
08/01/2015	87.5725	14.7325	109.525	0	211.83	0.3675	212.1975
09/01/2015	48.515	11.6375	57.7375	0	117.89	0	117.89
10/01/2015	64.08	25.7475	54.5775	12.91	157.315	0.895	158.21
11/01/2015	14.61	3.4225	22.405	19.0825	59.52	5.165	64.685
12/01/2015	0	0	13.99	0	13.99	3.7775	17.7675
01/01/2016	9.0475	2.7625	0	0	11.81	50.525	62.335
02/01/2016	0	0	0	0	0	68.615	68.615
03/01/2016	0	0	0	0	0	16.3675	16.3675
04/01/2016	0	0	0	0	0	63.175	63.175
05/01/2016	0	0.565	0	3.0925	3.6575	0	3.6575
06/01/2016	0	2.11	0	0.8575	2.9675	0	2.9675
07/01/2016	80.75	0	29.225	0	109.975	2.5825	112.5575
08/01/2016	43.335	28.81	49.835	0	121.98	0.49	122.47
09/01/2016	38.225	26.6775	77.4225	0	142.325	0	142.325
10/01/2016	15.195	71.275	73.44	1.6875	161.5975	0	161.5975
11/01/2016	2.1275	8.31	15.0925	0.89	26.42	0	26.42
12/01/2016	0	0	18.2525	7.52	25.7725	1.5775	27.35
01/01/2017	0	0	0	0	0	1.1725	1.1725
02/01/2017	0	0	0	0	0	14.75	14.75
03/01/2017	0	0	0	0	0	29.7775	29.7775
04/01/2017	0	0.565	1.045	1.0925	2.7025	22.605	25.3075
05/01/2017	0.5275	0	0	2.8525	3.38	28.9175	32.2975
06/01/2017	5.23	2.36	1.0925	0	8.6825	0	8.6825
07/01/2017	66.255	1.215	39.765	0	107.235	0	107.235
08/01/2017	12.3	25.0975	50.4275	0	87.825	0	87.825
09/01/2017	13.3	175.145	30.5246	0	218.9696	0	218.9696